-11.01 -17.51 -18.18 -17.97 -17.16 -16.40 -16.26 -16.24 -16.37 -15.58 -14.61 -13.86 -14.08 -9.66
-16.97 -26.57 -26.89 -26.72 -25.90 -24.90 -24.46 -24.31 -24.45 -23.66 -22.93 -22.05 -22.87 -15.22
-16.18 -24.79 -24.75 -25.33 -25.48 -25.78 -26.31 -26.54 -26.33 -24.41 -22.89 -22.62 -24.32 -16.45
-16.15 -23.56 -22.53 -23.06 -23.89 -25.47 -27.62 -28.56 -28.34 -26.01 -24.79 -25.09 -27.25 -18.44
-15.95 -22.99 -21.43 -21.60 -21.87 -23.52 -26.78 -28.87 -28.85 -26.19 -24.96 -25.65 -27.83 -18.88
-15.40 -22.76 -21.66 -22.34 -22.30 -23.46 -26.43 -29.12 -28.72 -25.62 -24.43 -24.98 -27.01 -18.50
-14.82 -22.51 -22.21 -23.57 -23.70 -24.31 -26.93 -30.06 -29.26 -25.61 -23.06 -22.86 -24.20 -16.80
-14.49 -22.04 -22.45 -24.53 -25.13 -25.86 -28.12 -31.15 -30.07 -26.50 -23.19 -21.69 -22.46 -15.68
-14.34 -21.75 -22.34 -24.39 -24.59 -25.42 -28.11 -30.78 -29.91 -27.20 -24.06 -22.49 -23.32 -16.16
-13.99 -21.14 -21.25 -22.76 -23.00 -24.17 -27.56 -30.35 -29.84 -27.61 -25.98 -25.75 -27.02 -18.21
-14.40 -21.57 -21.19 -21.84 -21.56 -22.59 -25.69 -28.52 -28.65 -27.16 -27.41 -29.09 -31.05 -20.67
-13.92 -20.38 -19.32 -19.29 -19.11 -20.15 -22.51 -24.31 -24.40 -23.93 -25.46 -27.91 -30.62 -20.89
-14.73 -20.90 -19.57 -19.41 -18.91 -19.51 -20.82 -21.94 -21.89 -22.67 -25.20 -28.13 -30.61 -21.36
-9.74 -13.39 -12.29 -12.17 -11.76 -11.91 -12.37 -13.09 -13.51 -14.33 -15.60 -17.27 -18.95 -13.28
